0.40657,0,0.32968
0.19996,0.60653,0.063786
0.40575,0,0.3294
0.20078,0.60653,0.064069
0.40493,0,0.32912
0.2016,0.60653,0.064353
0.40411,0,0.32883
0.20242,0.60653,0.064635
0.4033,0,0.32855
0.20323,0.60653,0.064918
0.40248,0,0.32827
0.20405,0.60653,0.0652
0.40167,0,0.32799
0.20486,0.60653,0.065482
0.40086,0,0.32771
0.20567,0.60653,0.065763
0.40005,0,0.32742
0.20648,0.60653,0.066044
0.39924,0,0.32714
0.20729,0.60653,0.066325
0.39844,0,0.32686
0.20809,0.60653,0.066606
0.39763,0,0.32658
0.2089,0.60653,0.066886
0.39683,0,0.3263
0.2097,0.60653,0.067165
0.39603,0,0.32602
0.2105,0.60653,0.067445
0.39523,0,0.32575
0.2113,0.60653,0.067724
0.39443,0,0.32547
0.2121,0.60653,0.068002
0.39364,0,0.32519
0.21289,0.60653,0.068281
0.39284,0,0.32491
0.21369,0.60653,0.068559
0.39205,0,0.32463
0.21448,0.60653,0.068836
0.39126,0,0.32436
0.21527,0.60653,0.069114
0.39047,0,0.32408
0.21606,0.60653,0.069391
0.38968,0,0.3238
0.21685,0.60653,0.069667
0.3889,0,0.32353
0.21764,0.60653,0.069943
0.38811,0,0.32325
0.21842,0.60653,0.070219
0.38733,0,0.32297
0.2192,0.60653,0.070495
0.38655,0,0.3227
0.21998,0.60653,0.07077
0.38577,0,0.32242
0.22077,0.60653,0.071045
0.38499,0,0.32215
0.22154,0.60653,0.07132
0.38421,0,0.32188
0.22232,0.60653,0.071594
0.38343,0,0.3216
0.2231,0.60653,0.071868
0.38266,0,0.32133
0.22387,0.60653,0.072141
0.38189,0,0.32105
0.22464,0.60653,0.072415
0.38112,0,0.32078
0.22541,0.60653,0.072688
0.38035,0,0.32051
0.22618,0.60653,0.07296
0.37958,0,0.32024
0.22695,0.60653,0.073232
0.37882,0,0.31997
0.22772,0.60653,0.073504
0.37805,0,0.31969
0.22848,0.60653,0.073776
0.37729,0,0.31942
0.22924,0.60653,0.074047
0.37653,0,0.31915
0.23,0.60653,0.074318
0.37577,0,0.31888
0.23076,0.60653,0.074588
0.37501,0,0.31861
0.23152,0.60653,0.074859
0.37425,0,0.31834
0.23228,0.60653,0.075128
0.3735,0,0.31807
0.23303,0.60653,0.075398
0.37274,0,0.3178
0.23379,0.60653,0.075667
0.37199,0,0.31753
0.23454,0.60653,0.075936
0.37124,0,0.31726
0.23529,0.60653,0.076205
0.37049,0,0.317
0.23604,0.60653,0.076473
0.36974,0,0.31673
0.23679,0.60653,0.076741
0.369,0,0.31646
0.23753,0.60653,0.077008
0.36825,0,0.31619
0.23828,0.60653,0.077276
0.36751,0,0.31593
0.23902,0.60653,0.077542
0.36677,0,0.31566
0.23976,0.60653,0.077809
0.36603,0,0.31539
0.2405,0.60653,0.078075
0.36529,0,0.31513
0.24124,0.60653,0.078341
0.36455,0,0.31486
0.24198,0.60653,0.078607
0.36381,0,0.3146
0.24272,0.60653,0.078872
0.36308,0,0.31433
0.24345,0.60653,0.079137
0.36235,0,0.31407
0.24418,0.60653,0.079402
0.36162,0,0.3138
0.24491,0.60653,0.079666
0.36089,0,0.31354
0.24564,0.60653,0.07993
0.36016,0,0.31328
0.24637,0.60653,0.080194
0.35943,0,0.31301
0.2471,0.60653,0.080457
0.35871,0,0.31275
0.24782,0.60653,0.08072
0.35798,0,0.31249
0.24855,0.60653,0.080983
0.35726,0,0.31222
0.24927,0.60653,0.081245
0.35654,0,0.31196
0.24999,0.60653,0.081507
0.35582,0,0.3117
0.25071,0.60653,0.081769
0.3551,0,0.31144
0.25143,0.60653,0.08203
0.35438,0,0.31118
0.25215,0.60653,0.082291
0.35367,0,0.31092
0.25286,0.60653,0.082552
0.35296,0,0.31066
0.25358,0.60653,0.082813
0.35224,0,0.3104
0.25429,0.60653,0.083073
0.35153,0,0.31014
0.255,0.60653,0.083332
0.35082,0,0.30988
0.25571,0.60653,0.083592
0.35011,0,0.30962
0.25642,0.60653,0.083851
0.34941,0,0.30936
0.25712,0.60653,0.08411
0.3487,0,0.3091
0.25783,0.60653,0.084369
0.348,0,0.30884
0.25853,0.60653,0.084627
0.3473,0,0.30858
0.25923,0.60653,0.084885
0.3466,0,0.30833
0.25993,0.60653,0.085142
0.3459,0,0.30807
0.26063,0.60653,0.0854
0.3452,0,0.30781
0.26133,0.60653,0.085657
0.3445,0,0.30756
0.26203,0.60653,0.085913
0.34381,0,0.3073
0.26272,0.60653,0.08617
0.34311,0,0.30704
0.26342,0.60653,0.086426
0.34242,0,0.30679
0.26411,0.60653,0.086681
0.34173,0,0.30653
0.2648,0.60653,0.086937
0.34104,0,0.30628
0.26549,0.60653,0.087192
0.34035,0,0.30602
0.26618,0.60653,0.087447
0.33966,0,0.30577
0.26687,0.60653,0.087701
0.33898,0,0.30551
0.26755,0.60653,0.087955
0.33829,0,0.30526
0.26824,0.60653,0.088209
0.33761,0,0.30501
0.26892,0.60653,0.088463
0.33693,0,0.30475
0.2696,0.60653,0.088716
0.33625,0,0.3045
0.27028,0.60653,0.088969
0.33557,0,0.30425
0.27096,0.60653,0.089221
0.33489,0,0.304
0.27164,0.60653,0.089474
0.33422,0,0.30374
0.27231,0.60653,0.089726
0.33354,0,0.30349
0.27299,0.60653,0.089978
0.33287,0,0.30324
0.27366,0.60653,0.090229
