0.4691,0,0.35069
0.13743,0.60653,0.04278
0.46849,0,0.35049
0.13804,0.60653,0.042979
0.46789,0,0.35029
0.13864,0.60653,0.043178
0.46728,0,0.35009
0.13925,0.60653,0.043376
0.46667,0,0.34989
0.13986,0.60653,0.043575
0.46607,0,0.3497
0.14046,0.60653,0.043773
0.46546,0,0.3495
0.14107,0.60653,0.043972
0.46486,0,0.3493
0.14167,0.60653,0.04417
0.46426,0,0.3491
0.14227,0.60653,0.044368
0.46366,0,0.3489
0.14287,0.60653,0.044565
0.46305,0,0.34871
0.14348,0.60653,0.044763
0.46245,0,0.34851
0.14408,0.60653,0.04496
0.46185,0,0.34831
0.14468,0.60653,0.045158
0.46126,0,0.34811
0.14528,0.60653,0.045355
0.46066,0,0.34792
0.14587,0.60653,0.045552
0.46006,0,0.34772
0.14647,0.60653,0.045748
0.45946,0,0.34752
0.14707,0.60653,0.045945
0.45887,0,0.34733
0.14766,0.60653,0.046142
0.45827,0,0.34713
0.14826,0.60653,0.046338
0.45768,0,0.34694
0.14885,0.60653,0.046534
0.45708,0,0.34674
0.14945,0.60653,0.04673
0.45649,0,0.34654
0.15004,0.60653,0.046926
0.4559,0,0.34635
0.15063,0.60653,0.047121
0.45531,0,0.34615
0.15122,0.60653,0.047317
0.45472,0,0.34596
0.15181,0.60653,0.047512
0.45413,0,0.34576
0.1524,0.60653,0.047708
0.45354,0,0.34557
0.15299,0.60653,0.047903
0.45295,0,0.34537
0.15358,0.60653,0.048097
0.45236,0,0.34518
0.15417,0.60653,0.048292
0.45178,0,0.34498
0.15475,0.60653,0.048487
0.45119,0,0.34479
0.15534,0.60653,0.048681
0.45061,0,0.34459
0.15592,0.60653,0.048875
0.45002,0,0.3444
0.15651,0.60653,0.04907
0.44944,0,0.34421
0.15709,0.60653,0.049264
0.44886,0,0.34401
0.15768,0.60653,0.049457
0.44827,0,0.34382
0.15826,0.60653,0.049651
0.44769,0,0.34362
0.15884,0.60653,0.049844
0.44711,0,0.34343
0.15942,0.60653,0.050038
0.44653,0,0.34324
0.16,0.60653,0.050231
0.44595,0,0.34305
0.16058,0.60653,0.050424
0.44537,0,0.34285
0.16116,0.60653,0.050617
0.4448,0,0.34266
0.16173,0.60653,0.05081
0.44422,0,0.34247
0.16231,0.60653,0.051002
0.44364,0,0.34227
0.16289,0.60653,0.051194
0.44307,0,0.34208
0.16346,0.60653,0.051387
0.44249,0,0.34189
0.16404,0.60653,0.051579
0.44192,0,0.3417
0.16461,0.60653,0.051771
0.44135,0,0.34151
0.16518,0.60653,0.051963
0.44077,0,0.34132
0.16576,0.60653,0.052154
0.4402,0,0.34112
0.16633,0.60653,0.052346
0.43963,0,0.34093
0.1669,0.60653,0.052537
0.43906,0,0.34074
0.16747,0.60653,0.052728
0.43849,0,0.34055
0.16804,0.60653,0.052919
0.43792,0,0.34036
0.16861,0.60653,0.05311
0.43736,0,0.34017
0.16917,0.60653,0.053301
0.43679,0,0.33998
0.16974,0.60653,0.053491
0.43622,0,0.33979
0.17031,0.60653,0.053682
0.43566,0,0.3396
0.17087,0.60653,0.053872
0.43509,0,0.33941
0.17144,0.60653,0.054062
0.43453,0,0.33922
0.172,0.60653,0.054252
0.43396,0,0.33903
0.17257,0.60653,0.054442
0.4334,0,0.33884
0.17313,0.60653,0.054631
0.43284,0,0.33865
0.17369,0.60653,0.054821
0.43228,0,0.33846
0.17425,0.60653,0.05501
0.43172,0,0.33827
0.17481,0.60653,0.055199
0.43116,0,0.33808
0.17537,0.60653,0.055388
0.4306,0,0.33789
0.17593,0.60653,0.055577
0.43004,0,0.3377
0.17649,0.60653,0.055766
0.42948,0,0.33751
0.17705,0.60653,0.055955
0.42893,0,0.33733
0.1776,0.60653,0.056143
0.42837,0,0.33714
0.17816,0.60653,0.056331
0.42781,0,0.33695
0.17872,0.60653,0.056519
0.42726,0,0.33676
0.17927,0.60653,0.056707
0.42671,0,0.33657
0.17983,0.60653,0.056895
0.42615,0,0.33639
0.18038,0.60653,0.057083
0.4256,0,0.3362
0.18093,0.60653,0.05727
0.42505,0,0.33601
0.18148,0.60653,0.057458
0.4245,0,0.33582
0.18203,0.60653,0.057645
0.42395,0,0.33564
0.18259,0.60653,0.057832
0.4234,0,0.33545
0.18313,0.60653,0.058019
0.42285,0,0.33526
0.18368,0.60653,0.058206
0.4223,0,0.33508
0.18423,0.60653,0.058392
0.42175,0,0.33489
0.18478,0.60653,0.058579
0.4212,0,0.3347
0.18533,0.60653,0.058765
0.42066,0,0.33452
0.18587,0.60653,0.058951
0.42011,0,0.33433
0.18642,0.60653,0.059137
0.41957,0,0.33415
0.18696,0.60653,0.059323
0.41902,0,0.33396
0.18751,0.60653,0.059509
0.41848,0,0.33377
0.18805,0.60653,0.059695
0.41794,0,0.33359
0.18859,0.60653,0.05988
0.4174,0,0.3334
0.18914,0.60653,0.060065
0.41685,0,0.33322
0.18968,0.60653,0.06025
0.41631,0,0.33303
0.19022,0.60653,0.060435
0.41577,0,0.33285
0.19076,0.60653,0.06062
0.41523,0,0.33266
0.1913,0.60653,0.060805
0.4147,0,0.33248
0.19184,0.60653,0.06099
0.41416,0,0.3323
0.19237,0.60653,0.061174
0.41362,0,0.33211
0.19291,0.60653,0.061358
0.41308,0,0.33193
0.19345,0.60653,0.061542
0.41255,0,0.33174
0.19398,0.60653,0.061726
